20210611160304088
20210611160304137
20210611160304187
20210611160304241
20210611160304298
20210611160304367
20210611160304435
20210611160304506
20210611160304575
20210611160304636
20210611160304702
20210611160304768
20210611160304831
20210611160304899
20210611160305971
20210611160305040
20210611160305109
20210611160305176
20210611160305244
20210611160305310
20210611160305385
20210611160305456
20210611160305523
20210611160305590
20210611160305658
20210611160305722
20210611160305789
20210611160305854
20210611160305921
20210611160306985
20210611160306052
20210611160306126
20210611160306208
20210611160306283
20210611160306357
20210611160306438
20210611160306518
20210611160306599
20210611160306688
20210611160306768
20210611160306849
20210611160306937
20210611160307027
20210611160307119
20210611160307206
20210611160307290
20210611160307377
20210611160307473
20210611160307579
20210611160307681
20210611160307795
20210611160307919
20210611160308039
20210611160308147
20210611160308259
20210611160308366
20210611160308473
20210611160308577
20210611160308680
20210611160308796
20210611160308895
20210611160309007
20210611160309105
20210611160309211
20210611160309324
20210611160309429
20210611160309535
20210611160309648
20210611160309763
20210611160309878
20210611160310986
20210611160310096
20210611160310207
20210611160310319
20210611160310426
20210611160310539
20210611160310664
20210611160310781
20210611160310899
20210611160311029
20210611160311154
20210611160311284
20210611160311401
20210611160311533
20210611160311669
20210611160311803
20210611160311922
20210611160312041
20210611160312160
20210611160312279
20210611160312397
20210611160312522
20210611160312653
20210611160312782
20210611160312915
20210611160313046
20210611160313166
20210611160313300
20210611160313427
20210611160313552
20210611160313680
20210611160313800
20210611160313921
20210611160314048
20210611160314160
20210611160314286
20210611160314403
20210611160314519
20210611160314638
20210611160314760
20210611160314879
20210611160315994
20210611160315099
20210611160315216
20210611160315332
20210611160315449
20210611160315573
20210611160315687
20210611160315813
20210611160316940
20210611160316064
20210611160316201
20210611160316327
20210611160316455
20210611160316581
20210611160316711
20210611160316835
20210611160317960
20210611160317089
20210611160317215
20210611160317339
20210611160317462
20210611160317589
20210611160317713
20210611160317837
20210611160318963
20210611160318087
20210611160318212
20210611160318336
20210611160318461
20210611160318586
20210611160318711
20210611160318837
20210611160319965
20210611160319093
20210611160319229
20210611160319354
20210611160319480
20210611160319608
20210611160319735
20210611160319864
20210611160320990
20210611160320116
20210611160320242
20210611160320367
20210611160320487
20210611160320609
20210611160320731
20210611160320850
20210611160321967
20210611160321087
20210611160321205
20210611160321332
20210611160321466
20210611160321591
20210611160321725
20210611160321849
20210611160322973
20210611160322095
20210611160322214
20210611160322336
20210611160322466
20210611160322584
20210611160322697
20210611160322822
20210611160323954
20210611160323081
20210611160323207
20210611160323322
20210611160323441
20210611160323564
20210611160323693
20210611160323822
20210611160324949
20210611160324073
20210611160324191
20210611160324311
20210611160324424
20210611160324537
20210611160324658
20210611160324798
20210611160325934
20210611160325068
20210611160325203
20210611160325338
20210611160325473
20210611160325609
20210611160325744
20210611160325880
20210611160326009
20210611160326126
20210611160326254
20210611160326376
20210611160326501
20210611160326621
20210611160326736
