20210611160312522
20210611160312622
20210611160312722
20210611160312822
20210611160312922
20210611160313022
20210611160313122
20210611160313222
20210611160313322
20210611160313422
20210611160313522
20210611160313622
20210611160313722
20210611160313822
20210611160313922
20210611160314022
20210611160314122
20210611160314222
20210611160314322
20210611160314421
20210611160314521
20210611160314621
20210611160314721
20210611160314821
20210611160314921
20210611160315022
20210611160315122
20210611160315222
20210611160315322
20210611160315422
20210611160315522
20210611160315622
20210611160315722
20210611160315821
20210611160315921
20210611160316021
20210611160316121
20210611160316221
20210611160316321
20210611160316421
20210611160316521
20210611160316621
20210611160316721
20210611160316821
20210611160316921
20210611160317021
20210611160317121
20210611160317221
20210611160317321
20210611160317422
20210611160317522
20210611160317622
20210611160317722
20210611160317822
20210611160317922
20210611160318022
20210611160318122
20210611160318222
20210611160318322
20210611160318422
20210611160318522
20210611160318622
20210611160318722
20210611160318822
20210611160318922
20210611160319022
20210611160319122
20210611160319222
20210611160319322
20210611160319422
20210611160319522
20210611160319622
20210611160319722
20210611160319822
20210611160319922
20210611160320022
20210611160320122
20210611160320222
20210611160320322
20210611160320422
20210611160320522
20210611160320622
20210611160320722
20210611160320822
20210611160320922
20210611160321022
20210611160321122
20210611160321222
20210611160321322
20210611160321422
20210611160321522
20210611160321622
20210611160321722
20210611160321822
20210611160321922
20210611160322022
20210611160322122
20210611160322222
20210611160322322
20210611160322422
20210611160322522
20210611160322622
20210611160322722
20210611160322822
20210611160322922
20210611160323022
20210611160323122
20210611160323222
20210611160323322
20210611160323422
20210611160323522
20210611160323622
20210611160323722
20210611160323822
20210611160323922
20210611160324022
20210611160324122
20210611160324222
20210611160324322
20210611160324422
20210611160324522
20210611160324622
20210611160324722
20210611160324822
20210611160324922
20210611160325022
20210611160325122
20210611160325222
20210611160325322
20210611160325422
20210611160325522
20210611160325622
20210611160325722
20210611160325822
20210611160325922
20210611160326022
20210611160326122
20210611160326222
20210611160326322
20210611160326422
20210611160326522
20210611160326622
20210611160326722
20210611160326822
